% angle(deg) sin  error 
-360.000  0.381  1.325e-01
-319.893  1.133  1.525e-01
-279.786  0.660  1.575e-01
-239.679  0.234  1.525e-01
-199.572  -0.265  1.925e-01
-159.465  -0.999  1.675e-01
-119.358  -1.203  2.225e-01
-79.251  -0.487  1.775e-01
-39.144  0.029  1.975e-01
0.963  0.865  1.475e-01
41.070  1.044  2.275e-01
81.178  0.638  2.200e-01
121.285  0.665  1.650e-01
161.392  -0.029  1.625e-01
201.499  -0.852  2.250e-01
241.606  -1.132  1.900e-01
281.713  -0.526  2.450e-01
321.820  -0.224  1.525e-01
